HexType,2018 HLC Visits,2019 HLC Visits,Total HLC Visits,2018 Minutes Exposed,2019 Minutes Exposed,Total Minutes Exposed,Total Culex,Total Aedes,Total Anopheles,Total Coquillitidea,Total Psorophora,Total Mosquitoes Collected,Mosquitoes per visit,Mosquitoes per minute,Mosquitoes per hour,Nuissance Mosquitoes per visit,Nuissance Mosquitoes per minute,Nuissance Mosquitoes per hour,Nuissance Factor,Culex per visit,Culex per minute,Culex Per Hour,2018 Human Observations,2019 Human Observations,Total Human Observations,2018 Human Obs Visits,2019 Human Obs Visits,Total Human Obs Visits,Total Human Obs Minutes,Human Obs per visit,Human Obs per minute,Human Obs per hour,Risk,HexID,AM visits,PM visits
NR0,4,7,11,60,105,165,,,,,,0,0,0,0,0,0,0,0,0,0,0,29,23,52,3,6,9,90,5.7777777777778,0.5777777777778,34.666666666667,0,4014,,11
LR1,,7,7,0,105,105,2,4,,,,6,0.8571428571429,0.0571428571429,3.4285714285714,4,0.2666666666667,16,3.9771428571429,0.2857142857143,0.0190476190476,1.1428571428571,,29,29,,7,7,70,4.1428571428571,0.4142857142857,24.857142857143,0.2840816326531,4065,,7
LR1,,8,8,0,120,120,,1,,1,,2,0.25,0.0166666666667,1,2,0.1333333333333,8,3.24,0,0,0,,54,54,,8,8,80,6.75,0.675,40.5,0,4070,,8
LR1,,6,6,0,90,90,1,1,1,,,3,0.5,0.0333333333333,2,2,0.1333333333333,8,4.32,0.1666666666667,0.0111111111111,0.6666666666667,,54,54,,6,6,60,9,0.9,54,0.36,4073,,6
NR0,4,7,11,60,105,165,,1,,,,1,0.0909090909091,0.0060606060606,0.3636363636364,1,0.0666666666667,4,1.224,0,0,0,10,41,51,3,7,10,100,5.1,0.51,30.6,0,4082,,11
PR1,,8,8,0,120,120,3,13,2,,,18,2.25,0.15,9,15,1,60,10.285714285714,0.375,0.025,1.5,,20,20,,7,7,70,2.8571428571429,0.2857142857143,17.142857142857,0.2571428571429,4098,,8
LR1,,9,9,0,135,135,,,1,,,1,0.1111111111111,0.0074074074074,0.4444444444444,1,0.0666666666667,4,1.65,0,0,0,,55,55,,8,8,80,6.875,0.6875,41.25,0,4104,,9
LR1,,8,8,0,120,120,1,2,1,,,4,0.5,0.0333333333333,2,3,0.2,12,2.07,0.125,0.0083333333333,0.5,,23,23,,8,8,80,2.875,0.2875,17.25,0.08625,4135,,8
NR0,,8,8,0,120,120,,,,,,0,0,0,0,0,0,0,0,0,0,0,,33,33,,8,8,80,4.125,0.4125,24.75,0,4181,,8
PR1,4,,4,60,0,60,,,,,,0,0,0,0,0,0,0,0,0,0,0,44,,44,3,,3,30,14.666666666667,1.4666666666667,88,0,4183,,4
NR0,4,7,11,60,105,165,1,,1,,,2,0.1818181818182,0.0121212121212,0.7272727272727,1,0.0666666666667,4,1.3527272727273,0.0909090909091,0.0060606060606,0.3636363636364,14,48,62,3,8,11,110,5.6363636363636,0.5636363636364,33.818181818182,0.1229752066116,4217,,11
LR0,4,,4,60,0,60,1,4,2,,,7,1.75,0.1166666666667,7,6,0.4,24,8.64,0.25,0.0166666666667,1,18,,18,3,,3,30,6,0.6,36,0.36,4241,3,1
NR0,,6,6,0,90,90,1,3,1,,,5,0.8333333333333,0.0555555555556,3.3333333333333,4,0.2666666666667,16,11.68,0.1666666666667,0.0111111111111,0.6666666666667,,73,73,,6,6,60,12.166666666667,1.2166666666667,73,0.4866666666667,4242,,6
LR1,,7,7,0,105,105,,,2,,,2,0.2857142857143,0.0190476190476,1.1428571428571,2,0.1333333333333,8,5.28,0,0,0,,66,66,,6,6,60,11,1.1,66,0,4243,,7
LR1,4,,4,60,0,60,1,2,1,,,4,1,0.0666666666667,4,3,0.2,12,5.52,0.25,0.0166666666667,1,23,,23,3,,3,30,7.6666666666667,0.7666666666667,46,0.46,4250,,4
PR1,,6,6,0,90,90,,,2,1,,3,0.5,0.0333333333333,2,3,0.2,12,2.8,0,0,0,,35,35,3,6,9,90,3.8888888888889,0.3888888888889,23.333333333333,0,4310,,6
LR1,4,8,12,60,120,180,2,2,1,,,5,0.4166666666667,0.0277777777778,1.6666666666667,3,0.2,12,8.01,0.1666666666667,0.0111111111111,0.6666666666667,43,46,89,,8,8,80,11.125,1.1125,66.75,0.445,4313,,12
PR1,3,6,9,45,90,135,2,4,,,,6,0.6666666666667,0.0444444444444,2.6666666666667,4,0.2666666666667,16,5.76,0.2222222222222,0.0148148148148,0.8888888888889,19,35,54,3,6,9,90,6,0.6,36,0.32,4332,,9
LR1,,7,7,0,105,105,1,2,,,,3,0.4285714285714,0.0285714285714,1.7142857142857,2,0.1333333333333,8,2.88,0.1428571428571,0.0095238095238,0.5714285714286,,42,42,,7,7,70,6,0.6,36,0.2057142857143,4334,,7
PR1,3,8,11,45,120,165,12,2,5,3,,22,2,0.1333333333333,8,10,0.6666666666667,40,13.2,1.0909090909091,0.0727272727273,4.3636363636364,44,11,55,3,7,10,100,5.5,0.55,33,1.44,4335,,11
PR1,,8,8,0,120,120,4,2,,,,6,0.75,0.05,3,2,0.1333333333333,8,4.08,0.5,0.0333333333333,2,,68,68,,8,8,80,8.5,0.85,51,1.02,4346,,8
NR0,4,,4,60,0,60,,1,1,,,2,0.5,0.0333333333333,2,2,0.1333333333333,8,1.76,0,0,0,11,,11,3,,3,30,3.6666666666667,0.3666666666667,22,0,4349,,4
NR0,,8,8,0,120,120,1,5,,,,6,0.75,0.05,3,5,0.3333333333333,20,12.514285714286,0.125,0.0083333333333,0.5,,73,73,,7,7,70,10.428571428571,1.0428571428571,62.571428571429,0.3128571428571,4381,,8
NR0,,7,7,0,105,105,,7,1,,,8,1.1428571428571,0.0761904761905,4.5714285714286,8,0.5333333333333,32,23.36,0,0,0,,73,73,,6,6,60,12.166666666667,1.2166666666667,73,0,4382,,7
NR0,4,8,12,60,120,180,6,9,2,1,,18,1.5,0.1,6,12,0.8,48,23.04,0.5,0.0333333333333,2,17,39,56,,7,7,70,8,0.8,48,0.96,4415,,12
PR1,4,7,11,60,105,165,,3,,,,3,0.2727272727273,0.0181818181818,1.0909090909091,3,0.2,12,8.16,0,0,0,20,48,68,,6,6,60,11.333333333333,1.1333333333333,68,0,4449,,11
LR0,3,6,9,45,90,135,1,4,,,,5,0.5555555555556,0.037037037037,2.2222222222222,4,0.2666666666667,16,8.1066666666667,0.1111111111111,0.0074074074074,0.4444444444444,21,55,76,3,6,9,90,8.4444444444445,0.8444444444444,50.666666666667,0.2251851851852,4467,,9
PR1,3,,3,45,0,45,1,,,,,1,0.3333333333333,0.0222222222222,1.3333333333333,0,0,0,0,0.3333333333333,0.0222222222222,1.3333333333333,18,,18,3,,3,30,6,0.6,36,0.48,4471,,3
NR0,,8,8,0,120,120,,1,,,,1,0.125,0.0083333333333,0.5,1,0.0666666666667,4,0.96,0,0,0,,32,32,,8,8,80,4,0.4,24,0,4578,,8
PR1,3,,3,45,0,45,,7,,,,7,2.3333333333333,0.1555555555556,9.3333333333333,7,0.4666666666667,28,12.88,0,0,0,23,,23,3,,3,30,7.6666666666667,0.7666666666667,46,0,4597,,3
LR1,4,7,11,60,105,165,,1,,,,1,0.0909090909091,0.0060606060606,0.3636363636364,1,0.0666666666667,4,5.3333333333333,0,0,0,86,114,200,3,6,9,90,22.222222222222,2.2222222222222,133.33333333333,0,4609,3,8
NR0,,7,7,0,105,105,,,,,,0,0,0,0,0,0,0,0,0,0,0,,70,70,,7,7,70,10,1,60,0,4614,,7
PR0,4,7,11,60,105,165,1,2,,,,3,0.2727272727273,0.0181818181818,1.0909090909091,2,0.1333333333333,8,3.168,0.0909090909091,0.0060606060606,0.3636363636364,40,26,66,3,7,10,100,6.6,0.66,39.6,0.144,4617,,11
PR1,,6,6,0,90,90,1,1,2,,,4,0.6666666666667,0.0444444444444,2.6666666666667,3,0.2,12,6.72,0.1666666666667,0.0111111111111,0.6666666666667,,56,56,,6,6,60,9.3333333333333,0.9333333333333,56,0.3733333333333,4636,,6
PR1,3,6,9,45,90,135,2,1,6,,,9,1,0.0666666666667,4,7,0.4666666666667,28,21.466666666667,0.2222222222222,0.0148148148148,0.8888888888889,32,83,115,3,6,9,90,12.777777777778,1.2777777777778,76.666666666667,0.6814814814815,4637,,9
PR1,4,6,10,60,90,150,,10,,,,10,1,0.0666666666667,4,10,0.6666666666667,40,32.266666666667,0,0,0,68,53,121,3,6,9,90,13.444444444444,1.3444444444444,80.666666666667,0,4676,3,7
LR1,,8,8,0,120,120,,,,,,0,0,0,0,0,0,0,0,0,0,0,,64,64,,8,8,80,8,0.8,48,0,4678,,8
PR1,4,7,11,60,105,165,,,,,,0,0,0,0,0,0,0,0,0,0,0,27,98,125,3,7,10,100,12.5,1.25,75,0,4743,3,8
NR0,4,,4,60,0,60,,,,,,0,0,0,0,0,0,0,0,0,0,0,21,,21,3,,3,30,7,0.7,42,0,4806,3,1
LR0,3,,3,45,0,45,,1,,,,1,0.3333333333333,0.0222222222222,1.3333333333333,1,0.0666666666667,4,0.48,0,0,0,6,,6,3,,3,30,2,0.2,12,0,4854,,3
NR0,,6,6,0,90,90,,,,,,0,0,0,0,0,0,0,0,0,0,0,,64,64,,6,6,60,10.666666666667,1.0666666666667,64,0,4923,,6
LR1,,7,7,0,105,105,,1,,,1,2,0.2857142857143,0.0190476190476,1.1428571428571,2,0.1333333333333,8,2.1942857142857,0,0,0,,32,32,,7,7,70,4.5714285714286,0.4571428571429,27.428571428571,0,4952,,7
PR1,3,,3,45,0,45,,,,,,0,0,0,0,0,0,0,0,0,0,0,20,,20,3,,3,30,6.6666666666667,0.6666666666667,40,0,4984,2,1
LR1,,7,7,0,105,105,,1,,,,1,0.1428571428571,0.0095238095238,0.5714285714286,1,0.0666666666667,4,1.9885714285714,0,0,0,,58,58,,7,7,70,8.2857142857143,0.8285714285714,49.714285714286,0,5126,,7
PR1,3,7,10,45,105,150,,,1,,,1,0.1,0.0066666666667,0.4,1,0.0666666666667,4,2.6933333333333,0,0,0,66,35,101,3,6,9,90,11.222222222222,1.1222222222222,67.333333333333,0,5181,2,8
NR0,,8,8,0,120,120,,7,2,,,9,1.125,0.075,4.5,9,0.6,36,11.725714285714,0,0,0,,38,38,,7,7,70,5.4285714285714,0.5428571428571,32.571428571429,0,5185,,8
PR0,3,,3,45,0,45,,,,,,0,0,0,0,0,0,0,0,0,0,0,24,,24,3,,3,30,8,0.8,48,0,5188,1,2
LR0,3,6,9,45,90,135,,1,3,,,4,0.4444444444444,0.0296296296296,1.7777777777778,4,0.2666666666667,16,0.6857142857143,0,0,0,2,3,5,2,5,7,70,0.7142857142857,0.0714285714286,4.2857142857143,0,5199,,9
LR1,,7,7,0,105,105,,,1,,,1,0.1428571428571,0.0095238095238,0.5714285714286,1,0.0666666666667,4,0.672,0,0,0,,14,14,,5,5,50,2.8,0.28,16.8,0,5234,,7
LR1,3,7,10,45,105,150,,1,1,,,2,0.2,0.0133333333333,0.8,2,0.1333333333333,8,2.72,0,0,0,36,15,51,3,6,9,90,5.6666666666667,0.5666666666667,34,0,5235,2,8
PR0,4,7,11,60,105,165,,2,,1,,3,0.2727272727273,0.0181818181818,1.0909090909091,3,0.2,12,5.472,0,0,0,39,37,76,3,7,10,100,7.6,0.76,45.6,0,5239,1,10
LR0,3,,3,45,0,45,1,,,,,1,0.3333333333333,0.0222222222222,1.3333333333333,0,0,0,0,0.3333333333333,0.0222222222222,1.3333333333333,1,,1,1,,1,10,1,0.1,6,0.08,5250,,3
NR0,,7,7,0,105,105,,1,,1,,2,0.2857142857143,0.0190476190476,1.1428571428571,2,0.1333333333333,8,3.12,0,0,0,,39,39,,6,6,60,6.5,0.65,39,0,5262,,7
LR1,,6,6,0,90,90,,3,,,,3,0.5,0.0333333333333,2,3,0.2,12,2.16,0,0,0,,18,18,,6,6,60,3,0.3,18,0,5265,,6
LR0,3,5,8,45,75,120,,11,4,,,15,1.875,0.125,7.5,15,1,60,3.6,0,0,0,4,2,6,2,4,6,60,1,0.1,6,0,5286,,8
